226
147
119
107
302
292
369
150
310
268
201
102
124
362
153
288
163
282
197
356
150
176
236
334
108
338
273
230
281
129
241
179
272
190
330
296
178
145
169
201
210
329
369
137
220
225
347
155
121
176
276
133
352
197
191
133
186
102
332
394
122
382
319
158
344
174
363
396
301
255
373
384
131
353
149
142
137
101
348
274
191
220
207
221
256
344
246
180
353
152
130
374
276
315
327
225
334
260
335
330
257
355
370
386
105
109
356
156
250
285
202
323
183
179
223
239
217
342
101
110
274
371
296
242
304
205
160
179
200
222
298
273
232
208
317
170
219
144
116
242
142
281
300
197
275
178
114
330
188
245
133
193
266
324
127
173
244
352
128
365
260
390
147
353
218
275
257
335
221
345
289
230
147
191
397
262
160
150
361
358
124
126
109
181
199
397
220
167
269
241
393
325
339
173
309
166
191
166
342
233
333
198
135
258
173
197
229
118
159
104
348
377
180
377
381
215
395
342
118
152
285
223
312
190
396
184
377
279
237
214
275
388
390
321
269
165
278
220
233
112
276
115
334
156
318
285
343
222
236
114
135
109
125
108
320
144
338
157
287
110
274
265
178
304
377
237
245
120
200
119
133
250
229
194
240
398
231
192
353
222
298
309
247
364
236
205
231
106
361
101
246
277
339
330
171
197
347
378
380
292
170
333
260
218
165
347
277
298
270
362
399
184
127
340
170
298
111
136
382
353
368
202
314
142
399
355
310
309
123
337
278
101
135
184
197
198
179
128
311
337
324
162
318
275
398
165
273
141
289
316
305
108
170
257
243
280
194
118
106
284
322
341
329
388
365
353
385
342
265
292
260
277
264
242
195
158
299
167
336
284
322
153
277
167
171
196
322
135
304
396
107
227
395
298
140
203
115
371
262
186
126
373
228
323
182
201
187
207
266
209
362
143
363
399
391
124
349
233
152
219
277
381
218
122
382
297
309
357
205
302
118
282
261
121
335
115
177
397
298
395
193
186
282
103
137
157
254
332
368
287
321
398
213
318
112
232
390
240
385
311
370
172
257
335
278
107
176
291
312
180
193
235
268
255
325
291
216
100
120
364
139
116
160
240
384
266
107
103
356
120
320
306
194
378
209
105
387
213
235
148
104
188
173
118
272
187
136
304
369
274
227
331
359
114
191
164
379
141
263
287
179
101
335
237
356
339
182
106
296
243
234
214
158
281
137
192
337
370
378
317
187
350
203
328
255
284
361
194
161
214
109
202
393
160
163
378
166
137
156
109
357
134
176
285
315
209
191
311
354
157
139
370
166
121
162
366
324
396
372
396
139
277
131
157
376
150
220
197
235
141
104
391
225
147
195
111
354
371
287
340
346
273
238
137
242
398
185
225
287
329
134
264
286
385
346
249
351
129
276
194
194
183
322
324
209
166
336
150
260
278
237
267
213
163
243
396
135
159
168
299
193
213
104
102
180
229
287
101
169
301
350
117
342
381
316
178
227
239
132
199
211
371
249
272
361
169
282
121
251
245
149
132
263
359
210
143
165
105
297
246
378
228
220
291
123
153
362
281
158
301
246
390
268
278
177
112
380
180
134
389
340
232
276
296
242
160
179
110
396
102
345
261
156
183
208
352
349
168
319
105
145
282
365
299
301
137
252
351
377
370
104
363
106
374
109
215
286
233
325
221
142
392
163
228
200
164
356
156
200
398
387
287
163
133
210
170
268
119
387
205
187
340
351
376
136
152
389
143
230
367
245
137
152
379
231
174
199
371
109
368
393
206
119
214
198
191
249
145
212
276
209
134
385
331
146
392
195
286
316
236
226
300
390
248
181
260
345
298
330
384
271
141
335
387
301
384
241
245
372
318
153
366
163
289
102
103
131
288
169
361
384
339
132
263
306
274
110
387
324
199
115
182
235
317
188
330
271
397
325
327
370
280
286
267
226
112
152
292
316
288
219
315
290
385
174
360
312
171
360
103
104
195
368
109
203
320
182
359
171
176
353
176
107
350
376
309
335
323
174
381
192
282
304
320
145
119
211
315
183
256
149
305
286
169
190
377
119
298
205
290
297
309
352
377
129
184
387
300
159
341
154
299
156
302
212
320
248
137
167
241
296
179
369
386
328
188
245
145
382
396
225
172
298
363
193
295
341
119
322
159
363
336
105
232
142
125
273
287
102
134
200
177
317
229
270
221
276
328
195
125
334
371
299
391
122
130
172
130
132
333
280
307
288
180
320
350
201
149
117
267
197
163
147
395
381
177
303
239
248
203
