226 292 268 201 288 282 236 273 230 281 
241 272 296 201 210 220 225 276 255 274 
220 207 221 256 246 276 225 260 257 250 
285 202 223 239 217 274 296 242 205 200 
222 298 273 232 208 219 242 281 275 245 
266 244 260 218 275 257 221 289 230 262 
220 269 241 233 258 229 215 285 223 279 
237 214 275 269 278 220 233 276 285 222 
236 287 274 265 237 245 200 250 229 240 
231 222 298 247 236 205 231 246 277 292 
260 218 277 298 270 298 202 278 275 273 
289 257 243 280 284 265 292 260 277 264 
242 299 284 277 227 298 203 262 228 201 
207 266 209 233 219 277 218 297 205 282 
261 298 282 254 287 213 232 240 257 278 
291 235 268 255 291 216 240 266 209 213 
235 272 274 227 263 287 237 296 243 234 
214 281 203 255 284 214 202 285 209 277 
220 235 225 287 273 238 242 225 287 264 
286 249 276 209 260 278 237 267 213 243 
299 213 229 287 227 239 211 249 272 282 
251 245 263 210 297 246 228 220 291 281 
246 268 278 232 276 296 242 261 208 282 
299 252 215 286 233 221 228 200 200 287 
210 268 205 230 245 231 206 214 249 212 
276 209 286 236 226 248 260 298 271 241 
245 289 288 263 274 235 271 280 286 267 
226 292 288 219 290 203 282 211 256 286 
298 205 290 297 299 212 248 241 296 245 
225 298 295 232 273 287 200 229 270 221 
276 299 280 288 201 267 239 248 203 
