302 369 310 362 356 334 338 330 329 369 
347 352 332 394 382 319 344 363 396 301 
373 384 353 348 344 353 374 315 327 334 
335 330 355 370 386 356 323 342 371 304 
317 300 330 324 352 365 390 353 335 345 
397 361 358 397 393 325 339 309 342 333 
348 377 377 381 395 342 312 396 377 388 
390 321 334 318 343 320 338 304 377 398 
353 309 364 361 339 330 347 378 380 333 
347 362 399 340 382 353 368 314 399 355 
310 309 337 311 337 324 318 398 316 305 
322 341 329 388 365 353 385 342 336 322 
322 304 396 395 371 373 323 362 363 399 
391 349 381 382 309 357 302 335 397 395 
332 368 321 398 318 390 385 311 370 335 
312 325 364 384 356 320 306 378 387 304 
369 331 359 379 335 356 339 337 370 378 
317 350 328 361 393 378 357 315 311 354 
370 366 324 396 372 396 376 391 354 371 
340 346 398 329 385 346 351 322 324 336 
396 301 350 342 381 316 371 361 359 378 
362 301 390 380 389 340 396 345 352 349 
319 365 301 351 377 370 363 374 325 392 
356 398 387 387 340 351 376 389 367 379 
371 368 393 385 331 392 316 300 390 345 
330 384 335 387 301 384 372 318 366 361 
384 339 306 387 324 317 330 397 325 327 
370 316 315 385 360 312 360 368 320 359 
353 350 376 309 335 323 381 304 320 315 
305 377 309 352 377 387 300 341 302 320 
369 386 328 382 396 363 341 322 363 336 
317 328 334 371 391 333 307 320 350 395 
381 303 
