133 114 127 168 188 109 152 156 171 106 
187 105 189 106 196 110 125 149 133 197 
155 131 131 164 136 128 179 193 158 129 
111 111 108 199 176 195 179 149 194 137 
186 158 100 118 117 109 175 131 172 164 
113 117 126 129 162 143 176 164 167 167 
109 114 192 105 152 108 122 164 185 114 
189 186 106 176 128 171 114 128 151 123 
144 177 186 191 141 134 185 198 138 112 
103 179 141 101 142 140 125 115 100 124 
180 143 108 134 143 186 110 178 139 163 
146 186 142 138 195 120 148 136 142 112 
114 129 143 171 119 192 165 101 134 118 
197 194 178 123 182 178 105 120 107 104 
146 102 102 165 169 144 197 170 165 193 
176 163 182 192 171 135 119 169 153 168 
160 185 185 197 189 151 175 123 106 147 
155 143 111 196 169 141 197 110 150 195 
116 138 171 188 108 165 176 149 163 101 
131 152 134 116 160 171 136 183 116 102 
157 108 131 121 104 136 102 108 134 144 
131 170 164 118 172 142 197 111 154 128 
187 184 162 183 184 153 103 115 124 132 
105 130 143 168 180 127 111 197 116 164 
144 139 123 112 152 194 191 169 103 104 
171 154 150 191 118 109 100 155 190 135 
123 176 107 176 193 199 133 126 157 122 
139 187 119 195 189 132 172 102 126 131 
194 134 135 148 184 162 183 156 199 105 
131 170 192 179 163 121 170 147 188 122 
181 189 122 105 163 187 115 147 127 185 
184 182 115 153 192 155 193 104 146 149 
109 154 113 164 151 180 165 144 195 164 
122 125 110 158 122 